CreateGrid/data/test.grd
ncols 100
nrows 66
xllcorner -10697950.5964087
yllcorner 3495319.07217906
cellsize 10.2939012732729
NODATA_Value -9999
[rows 0 to 19 of 66, columns 46 to 91 of 100]
7.01546034765903 7.00555243508255 6.99347184592261 6.98034986551424 6.96691758909591 6.95350762103998 6.94013174678182 6.92653065407201 6.91216429148122 6.89616017374683 6.87726574093668 6.85386309119061 6.82409566955082 6.78614626828387 6.73876208732771 6.68230173310114 6.62068967074575 6.56380621222103 6.52679335185686 6.52118085027368 6.54340243916491 6.57711844425986 6.60704270818819 6.62643367719918 6.63532816294935 6.63663611622482 6.63359857757901 6.62860072562791 6.62277871940022 6.61611612507249 6.60783814973309 6.59690952982739 6.58248907332558 6.56429625817549 6.54291052663111 6.51998357263142 6.49820798521317 6.48078376322836 6.47031417030936 6.46761770160046 6.47130434961139 6.47845641545988 6.48583430609514 6.49079882231236 6.49166337879656 6.48767995763361
7.03409865651656 7.02154138579208 7.00681808134293 6.99155779395982 6.97666747816108 6.96248880747933 6.94900231915065 6.93592259406861 6.92266432321847 6.9082214026988 6.89104311228927 6.86902162919142 6.83968118465652 6.80057613402296 6.74990389880589 6.68761391673226 6.61768508235344 6.55151155027876 6.50809325636135 6.50276564605945 6.53073657417962 6.57040108614146 6.60294828086119 6.62143402521902 6.62726260594019 6.6249468737671 6.61904676127325 6.61270719662886 6.60711707396795 6.60170002084542 6.59481074100656 6.58454491186678 6.56937185844114 6.54856878753242 6.52260199728183 6.4935346579182 6.4652362469927 6.44279029884742 6.43063903898178 6.43023418404491 6.43914411777034 6.45249760448332 6.46532339213739 6.47399534900338 6.47646320346756 6.47193281421828
7.05305314522014 7.03716701499581 7.0194195612346 7.00195200448816 6.98573160833181 6.9710171704624 6.9577417870061 6.945649727555 6.93420970563257 6.92237125247966 6.9082952765641 6.88929211594226 6.86218855919965 6.82408139987454 6.77320008133923 6.70993844776633 6.63881846198758 6.57156615181472 6.5271316466311 6.52039320360617 6.54587918452822 6.58151833833299 6.60848807893681 6.6202009687824 6.61879057080165 6.60993412476442 6.59953370421992 6.59160899341214 6.58720305813746 6.58464221429056 6.5808247525184 6.57258579519302 6.55752027484727 6.534354924907 6.50330338989668 6.46672080215513 6.42983830502213 6.40042683563489 6.38591908495751 6.38888127032148 6.40512109498399 6.42667805798855 6.44623491102284 6.45917408937594 6.46330194418915 6.45792665846744
7.06951545521212 7.05027481107363 7.02983585386673 7.01066875129039 6.99361446005515 6.97877287506891 6.9660597070707 6.95536282198209 6.94637915826368 6.93818274032245 6.9286742147361 6.91436979733624 6.89112432919285 6.85569938181947 6.80713168392302 6.74735166214719 6.68196500503231 6.62168014357119 6.58126279866214 6.57088403017203 6.58531066155431 6.60707804898819 6.62069210092259 6.62009618895639 6.60724223155043 6.58859697340767 6.57185940672828 6.56247210839534 6.56110946716498 6.5640493421246 6.56580636448898 6.56153391518204 6.54794999209649 6.5233342077363 6.48761077968718 6.4431965163458 6.39654330596275 6.35863885175014 6.34113144029296 6.3483295238132 6.37344104103815 6.404251489447 6.43077148910165 6.44771456369565 6.45312124073084 6.44655400567796
7.07922422398864 7.05813945967443 7.03659030091364 7.01702096003417 7.00003341060295 6.98560635668435 6.97374405445862 6.96463863002633 6.95845040837822 6.95464847299649 6.95096530314384 6.94275846923889 6.92430191892143 6.89198488225789 6.84643895902199 6.79189222837453 6.73489426793061 6.68399165006238 6.6483798695369 6.63299338074317 6.63334787918588 6.63758617487685 6.63434580601711 6.61813313420243 6.5903061251147 6.55830422555464 6.53298921124854 6.52266794764721 6.52737761351984 6.53961936310938 6.55011985561963 6.5520585834098 6.5416704712087 6.51728974477611 6.47883480843335 6.42867325449401 6.37396186432349 6.32841008689086 6.30798313545784 6.31901695838837 6.35192515410741 6.39018925095503 6.42166278328054 6.44098149931547 6.44672007331151 6.43870222548595
7.07900430025063 7.05919951721405 7.03915591569675 7.02098455103077 7.00513871754704 6.99164512382193 6.98073584142189 6.97303483917193 6.96936183024588 6.96989754183185 6.97244506960778 6.97087163749689 6.95709408911652 6.92708854948406 6.88384771123222 6.83410273315566 6.78467608791555 6.74152665764672 6.70925405364125 6.6891747381022 6.67742349188438 6.66602972240827 6.64666132440332 6.61413780360165 6.56903968032904 6.52014069009542 6.48356364087057 6.47303539325421 6.48760194854863 6.51327982137457 6.53534901370094 6.54519499568964 6.53946830494129 6.51742465699486 6.47963024687824 6.42868581406691 6.37188896630129 6.32377175150852 6.30209538317307 6.31425045758839 6.34941136078914 6.3892261373628 6.42098812328158 6.43972814584542 6.44445896374296 6.43503338940908
7.07058574953842 7.05503091776354 7.03879085939729 7.02349214617955 7.0095942550774 6.99732454047536 6.987204249516 6.98026721308243 6.97796358288643 6.98130577526208 6.9885188975679 6.99224480428674 6.98202129358681 6.9536628454113 6.91265469884956 6.86749860788481 6.82449840312645 6.78732062127881 6.75756325007595 6.7344771754427 6.7144872694383 6.69169897071815 6.65949498478582 6.61270053018506 6.55095459598778 6.48418086822275 6.43494865345801 6.42465439012725 6.45105516091935 6.49146325366815 6.52513537568231 6.5425712496801 6.54181331018264 6.52373899132958 6.49015036071742 6.44431601740063 6.39328450906845 6.34999066198002 6.32980842640639 6.33910593638097 6.3685361050792 6.40206237104373 6.42848499742064 6.44342532380027 6.4459503181963 6.43563376787056
7.06019644285244 7.04983486563896 7.03813320408366 7.02616989364157 7.01442382639702 7.00332479274944 6.99361148365582 6.98653046023196 6.9838180015268 6.98696424549926 6.99477403084018 6.99999931791858 6.99175230241305 6.96613760606913 6.92944700276254 6.8901174471641 6.85345291975814 6.82165406638851 6.79477903934734 6.77106463654616 6.74700553464123 6.71769186763382 6.67751728602883 6.62156563239196 6.54909344043909 6.47063500372532 6.412837659916 6.4023818952201 6.43592933504968 6.48471842921169 6.52456504178899 6.54613387486761 6.54886688766896 6.53504719858914 6.50761939366102 6.47047361467404 6.42996113407507 6.39590185123339 6.37883666693087 6.38279984531924 6.40140403191412 6.42350710009092 6.44087686852251 6.44999304133925 6.44983446837786 6.43960707188506
7.05370085343357 7.04770184616953 7.03984436923048 7.03070824224446 7.02072737946062 7.01044768085812 7.00069988712048 6.99270716100447 6.98805549457202 6.98810966668729 6.99209652865381 6.99448944152253 6.98683260016725 6.96582569801201 6.93601487244447 6.90392722143317 6.87383185531079 6.84741452666884 6.82433157961299 6.80248184639759 6.7782828762622 6.74721044516407 6.70451447230126 6.64641840418382 6.57326254136836 6.49584897094619 6.4391666453656 6.42721138371804 6.45646911734955 6.50050547884436 6.53692190112895 6.55698080608634 6.56034012397574 6.54957975482747 6.52800713841897 6.49953073108813 6.46931510987075 6.44392393797547 6.42943927655472 6.42781588954169 6.43528028426633 6.44536075132265 6.45306399940797 6.45612322833925 6.45370552597467 6.44482173309167
7.05386402483293 7.05095143574008 7.04571507139839 7.0384120883505 7.02945179330206 7.01946569941411 7.00931427973859 7.00007844146209 6.99298077549323 6.98896314780867 6.98752269849962 6.98532184279117 6.97725960655528 6.96080960914808 6.93802659633157 6.91293492055432 6.8888478127179 6.86752985153329 6.84897966214606 6.83116703472584 6.810181311481 6.78130413378611 6.74054865023497 6.68607887144335 6.62036996085152 6.55379206055985 6.5051105238487 6.49020434600995 6.50633227146877 6.5353557225673 6.56053798044057 6.57416896884233 6.57519761826871 6.56549528722759 6.54791061582982 6.52573866162952 6.50273247642266 6.48286321988332 6.46923982211533 6.46257063322819 6.46078095453308 6.460649527735 6.45991549885888 6.45784935384212 6.45421623040977 6.44802512938155
7.06123158326587 7.06046283544648 7.05670331681692 7.05012392791368 7.04127008049085 7.03095326083657 7.02010157395747 7.00966217644903 7.000513198812 6.99321645245718 6.98745239676066 6.98144998052038 6.97249737367542 6.95883290312328 6.9409234741691 6.92085796681614 6.90114064653019 6.8838689731596 6.86989451996606 6.85759460718922 6.84228922838134 6.81813242991319 6.78153931984672 6.73293587504523 6.67691159560083 6.62253373125029 6.58187966131355 6.56357193522453 6.56580058842881 6.57814494237579 6.58986347912837 6.59489257553666 6.59162996629721 6.58101908889056 6.56510279882778 6.54630049675028 6.52706356398399 6.50954186749914 6.49505957291549 6.48362296495807 6.47409499237417 6.46530410558187 6.457242226928 6.45102287601175 6.44740936749107 6.44538869490328
7.07564508430972 7.07654492831251 7.07330856907577 7.06629191951527 7.0564903670188 7.04511591616057 7.03326103844462 7.02177803770121 7.01126444650653 7.00199146710817 6.99369653463336 6.98539082226131 6.97557769554951 6.96301949219312 6.94748237869595 6.92991697476915 6.9122544760935 6.89704702408101 6.88646820735358 6.87987842207545 6.87145813219853 6.85297850841392 6.82074375357062 6.7775464569161 6.72962024122251 6.68442705122612 6.6491897233267 6.62813499455896 6.62003120876107 6.61919639248264 6.61922934700335 6.61585923092008 6.60749153615739 6.59447020305333 6.57816104763397 6.56023888454615 6.54217761441416 6.52488322107128 6.50846198055648 6.49224484217861 6.47534785066745 6.45789226537732 6.44214077528133 6.4318655347692 6.42945457647314 6.43351083523154
7.09684486280337 7.09931658977861 7.09569385981362 7.08689303461416 7.07489347444763 7.06163668592804 7.04845592620155 7.0360815843856 7.0248266048491 7.01469167429523 7.00534107980089 6.99604529238305 6.9857621437219 6.97345357440668 6.95853585046136 6.94129734929211 6.92324787593524 6.90733172697722 6.89728653511804 6.89432880279339 6.89199708661393 6.87900902619721 6.85103387079838 6.81279085181169 6.77137255141986 6.73272965645254 6.70110609118803 6.67843796800281 6.66378343409649 6.65393793101737 6.64512443403297 6.63452378505459 6.62088273583997 6.60435597111108 6.58599751123721 6.56713553207569 6.54873106223923 6.53085437067742 6.51247893277543 6.49179200049779 6.46725407484926 6.43960036608942 6.41389437235478 6.39839123000142 6.39836122910764 6.41115100339235
7.12401400177235 7.12823981138575 7.12319833902323 7.11099102403145 7.09543348070991 7.07955621640732 7.06487161205121 7.05183663188967 7.0404050012946 7.0302965164893 7.02103229051036 7.01187519420343 7.00181331405242 6.98969781434012 6.97458753342915 6.95627239675831 6.93589875745818 6.9165711026586 6.90323609140638 6.89935843785155 6.89960240509325 6.89113660950894 6.86836804453359 6.83604280474585 6.800905805891 6.76768542436096 6.73903152179135 6.71582693525688 6.6973227260195 6.68157342268516 6.66626270277385 6.64954188292492 6.63054108691821 6.6094982306109 6.58757183657354 6.56633189562896 6.54689851614938 6.52894083177591 6.51012699370747 6.48662623341222 6.4549554834993 6.41548328585316 6.37670724924574 6.35409702888476 6.35768813364782 6.38205073217166
7.15416998685989 7.16043090899274 7.1529212479563 7.13584988549091 7.11588724236297 7.09727959249294 7.08140933745141 7.06821955597992 7.05723994759395 7.0479512679542 7.03977151249341 7.03188852900104 7.02310204879442 7.01185793446556 6.9966490059785 6.97677184224017 6.95317835253006 6.92914108975308 6.91019439817659 6.90116518236345 6.89904625384505 6.89262198962181 6.87525395878761 6.84950881148991 6.82059616756198 6.79225610405214 6.76637202866405 6.74340632276772 6.7227530948336 6.70309403118244 6.682858066275 6.66072034380551 6.63604261030807 6.60921755364054 6.58185475912344 6.55653025966217 6.53561285107243 6.51916615175601 6.50334109906885 6.48112754378973 6.44569084441232 6.39597897452175 6.34395474220898 6.31388592934677 6.32152929790435 6.35751326918616
7.1799998848937 7.18811140704817 7.17791664343484 7.15630587068765 7.13299705507432 7.11297245503904 7.09707511686719 7.08462828507059 7.07482272103515 7.06707108203975 7.0608806340236 7.05549660117864 7.04947809081014 7.04054010651887 7.0261541089541 7.00495193235729 6.97805629932164 6.94942302172429 6.92494359442855 6.90943870852627 6.90151945794479 6.89330917519997 6.87872619086298 6.85795090409826 6.83408388838057 6.80978702697059 6.78640142799677 6.76413546539869 6.74240374082792 6.72012605665097 6.6960116680454 6.66887138380858 6.63800993215848 6.60378480572715 6.56834877162592 6.53610839135902 6.51244825336036 6.49950346994632 6.49183563536419 6.47774331000279 6.44604294639335 6.39420173707455 6.33663353599698 6.30301833116634 6.312293201685 6.35327196427136
7.19135388041024 7.19990111903773 7.18895631365837 7.16677655296351 7.1440705469762 7.12557224811534 7.11155299927834 7.10098598681478 7.09301284404429 7.08727137199571 7.08370173117115 7.08197849848366 7.08060454094041 7.07618363351621 7.06422374065315 7.04208025257531 7.01153551949037 6.97816827642159 6.94847110954693 6.92661154515493 6.91179831768249 6.89902997094497 6.88379655417578 6.86509950145358 6.84427550493131 6.82285859018172 6.80158345519699 6.78031518918063 6.75829864311563 6.73440890857986 6.70732546798119 6.67569090139401 6.6384073962584 6.59534065257334 6.54877696316616 6.50538361430478 6.4758898686932 6.4675781247897 6.47364768981898 6.4754605048238 6.45693370180498 6.41526361204416 6.36548473780467 6.3352228244177 6.34192235642269 6.37751662535381
7.18499023281884 7.1921041079772 7.18377583855714 7.16680607508912 7.14964548966224 7.13592609832173 7.12567834369874 7.11794425305628 7.11210660919051 7.10829250797064 7.10726734426476 7.10974581038569 7.11477072826285 7.11757305783052 7.11003837143296 7.08687431607977 7.05128221464726 7.01193372273031 6.97647008755488 6.94839812392182 6.92697037716808 6.90886951452237 6.89095910714782 6.87201979620837 6.85241131007097 6.83281928140073 6.81337583809318 6.79346809774384 6.77196645544852 6.74749751074594 6.71855425279378 6.68348677809005 6.64060765550847 6.58886335097923 6.52989663716381 6.47209974149138 6.43303850100069 6.42855519622252 6.45110098862699 6.47298733989807 6.4732725470927 6.44991043630768 6.41677485833794 6.39500839984005 6.39814260675213 6.42313483191938
7.1705034658298 7.17589713334688 7.17207507066143 7.16313871507508 7.15401285950941 7.14683290349728 7.14141688616002 7.13691440024736 7.13293438350671 7.13011623631576 7.13026837784582 7.13576995905345 7.14724512000143 7.15896295802498 7.15740358761909 7.13276857673524 7.09077613392234 7.04466545221243 7.0033924955603 6.96973340477981 6.94265434221187 6.91961325321042 6.89834662630301 6.87784332411616 6.85820367036951 6.83975527914373 6.82218443420988 6.80427678002039 6.78429610262118 6.76047328619066 6.73113379947909 6.69449760059773 6.64853003632496 6.5914492051555 6.52406410775148 6.45541360116693 6.40802749030551 6.40503745767408 6.43884454663727 6.47558783883053 6.49194213764109 6.48632945026749 6.47010642859386 6.45806828020326 6.45993402589966 6.47592917142709
7.15976638010096 7.16458032201458 7.16517684940574 7.16364629396882 7.16226791693718 7.16176347402635 7.16140839026755 7.16005038290353 7.15714356121402 7.153543563479 7.15194315467946 7.15651210593437 7.17024669220652 7.18793769366942 7.19142584584735 7.16613538535716 7.11998497122025 7.06972366524343 7.02479946099591 6.98730548193476 6.95600213970087 6.92878739319479 6.90399759557402 6.88105465973745 6.86040178748743 6.84264914126882 6.82735317923205 6.8125142820024 6.79539473676197 6.77365878120964 6.74564154520684 6.70987172842381 6.66463559255525 6.60834568587088 6.54186509828757 6.47413608741292 6.42713136845022 6.42296970379395 6.45495703721351 6.49282820691675 6.51569329859147 6.52120617964491 6.51701873346464 6.51281000423663 6.51522475782564 6.52566989194397
