CreateGrid/data/test.grd
ncols 100
nrows 66
xllcorner -10697950.5964087
yllcorner 3495319.07217906
cellsize 10.2939012732729
NODATA_Value -9999
[rows 0 to 19 of 66, columns 0 to 45 of 100]
6.41054219115082 6.39891285993847 6.39639668434279 6.40487526110552 6.42417284135243 6.45177186460146 6.48366155330869 6.51579802387449 6.54528515163283 6.57082745340633 6.59257652267139 6.61167425048423 6.6297026013842 6.6481575869749 6.66805421996557 6.68975523106033 6.71303197881362 6.73726063471074 6.76162171783152 6.78522253534165 6.80714454799264 6.82648094734711 6.84245246171313 6.85464529022891 6.86328030964967 6.86928313726422 6.87399634858843 6.87868418138187 6.88416626062116 6.8907506926923 6.8983775511654 6.90680883876721 6.91577220498266 6.92504288410517 6.93448001911725 6.94403458636019 6.95373803437027 6.96367328707136 6.97392460719304 6.98449961498112 6.99521821380119 7.00557939714999 7.01466265830012 7.02118710544 7.02385208943103 7.02188931450632
6.36986031101747 6.35217093964154 6.34603408952988 6.35487008983135 6.37888762544831 6.4143196942215 6.45490213401543 6.49450909700488 6.52907657437092 6.55710873609303 6.57924821647082 6.5975238978042 6.61453165455072 6.63262830300346 6.65330469846296 6.67695518858846 6.70307785675412 6.73068670293943 6.75865874495483 6.78588039624981 6.81122423268518 6.83348737302662 6.8514712013657 6.86435072852271 6.87224080741357 6.87647563393861 6.87914640888846 6.88217165578287 6.88666112172943 6.89289220483138 6.90062793662504 6.90943978321111 6.9189082120209 6.92871681285988 6.93868620118407 6.94877832212226 6.95908269295837 6.96978431954413 6.98110610823433 6.99321171544238 7.00604783965376 7.01911407205053 7.03121698864776 7.04042840495558 7.04458876848538 7.04236679702435
6.32980779583076 6.30430070796297 6.29292134040639 6.30153474747742 6.33120508528123 6.37642625352006 6.42764793074415 6.47589675618141 6.51572188972346 6.54554622298756 6.56675907550008 6.58263853027118 6.59724927033709 6.61420409886939 6.63559296012806 6.66165079789656 6.69127808917361 6.72288332683025 6.75496370541078 6.78624076718323 6.81548225832156 6.84124031914113 6.86179564567876 6.87565122949871 6.8826022226975 6.88449492838196 6.88452488225118 6.88552921581093 6.88892982825882 6.89486722991508 6.902822835934 6.9121144693941 6.92214346885672 6.93248509852521 6.94291270310849 6.95339832115866 6.96409931924987 6.97532616339898 6.98748108969518 7.00094889973409 7.01590050942362 7.03195172332873 7.04768525482976 7.06034740634675 7.06647663859495 7.06382455316789
6.2955054297158 6.26136934506523 6.24357932818566 6.25128374885767 6.28696621861184 6.34296056575398 6.40552876130993 6.46236741001864 6.50665435511337 6.53686300913975 6.55524578240578 6.56661083357777 6.57706294044857 6.59205864699019 6.61440245808285 6.64372367869441 6.67773333614228 6.71388873965973 6.7502691191506 6.78557622604092 6.81867930936192 6.84806131375004 6.871513372135 6.88666450436162 6.89271668091608 6.89204842746803 6.88925802513911 6.88827877678947 6.89078511336409 6.89665904396041 6.9050291772578 6.91493563202372 6.92559233420329 6.93645654415718 6.94724191241533 6.95792180343527 6.96872269150935 6.98009310132185 6.99263581700049 7.00698870772277 7.0236070054197 7.0423355128941 7.06166892323161 7.07801859577401 7.08631113898527 7.08308204701733
6.27398886258263 6.23290177922848 6.20949338566436 6.21613839263772 6.25687371118237 6.32189469762275 6.39344821556642 6.4563848264082 6.50287953789825 6.53138953543725 6.54471299763473 6.54915580181386 6.55351588946382 6.56597633868738 6.59011986087123 6.62407622463856 6.66344213765432 6.70437670178237 6.74464413079804 6.78317258324205 6.81918256972758 6.85134113094441 6.87720139341417 6.89365820433691 6.8992549119874 6.89674850003368 6.89199414123314 6.88984200875744 6.89207979506257 6.89830829680403 6.90735352331774 6.91803187417329 6.92939531655171 6.94077831369316 6.95181267572528 6.96245140121865 6.97298215766894 6.98399586323141 6.9962936523951 7.01073613579726 7.02800819557839 7.04816132563963 7.06971605168192 7.08854936747295 7.0983335224862 7.0946368799878
6.2717525819803 6.22877615304516 6.20369879310537 6.21032487620088 6.25327215153596 6.32152091715425 6.39555069626795 6.45925289573353 6.50441503825037 6.52903766521988 6.53556577148252 6.53122371993202 6.52803245194451 6.53803914508723 6.56550786129554 6.60563035378728 6.65084267556021 6.69596525073945 6.73882221603557 6.77887337074976 6.81585899519143 6.84881494594417 6.87545704697609 6.89258730468961 6.89854327953817 6.89613404364958 6.89154610351585 6.88984520848639 6.89279928882775 6.89990828259681 6.90990573616982 6.9215181379518 6.93368762368795 6.94561775924508 6.95681756154066 6.96717821388888 6.97703446604036 6.98713269604957 6.99847062324602 7.01205343183902 7.02861019704316 7.04816583049907 7.069217100211 7.08766285561399 7.09724180827862 7.09369116066264
6.29061830489714 6.25253492913615 6.23146021736763 6.23963432345422 6.28058609636191 6.34385709318621 6.41182177042177 6.46995409908749 6.51028757516357 6.52986005557584 6.52974946437192 6.51703068361672 6.50671044934747 6.51533271841577 6.54744607287191 6.59394968800781 6.64378619616932 6.69106606078246 6.73425381859076 6.77354500627009 6.80917963747102 6.8405814844109 6.86596858365377 6.88282609547216 6.88997385439646 6.88991582520541 6.88793304711909 6.88843161064593 6.89307569865893 6.90153815304292 6.9127253317125 6.92543068283954 6.9385437808042 6.95111822995607 6.9624716733769 6.97236113695603 6.98114960539096 6.98978983135879 6.99952795694805 7.01145773429344 7.0261407601062 7.04328573987364 7.06126058893454 7.07654805429705 7.08438742345719 7.08185147099203
6.32534649761577 6.2969511679902 6.28353131083674 6.29362853030659 6.3288707128904 6.38102206789669 6.43697238215513 6.48546240835538 6.51933748494459 6.53474748138841 6.53119609416111 6.51466708274464 6.501288321226 6.51037909008595 6.54611272310388 6.59572323595531 6.64615597352033 6.69195919108069 6.73258859230005 6.76885172565637 6.80125342783544 6.8294789436997 6.85235672862757 6.86838693649217 6.87713262058013 6.88057650302909 6.88248868362994 6.88615454878632 6.89305126042584 6.9031539187068 6.91569707869777 6.9296493953718 6.94389344507944 6.95730721665747 6.96892026944763 6.97823608790695 6.98561196385841 6.99232310936828 7.00002650299911 7.00993795790552 7.02233004437714 7.03646235065873 7.05060732070864 7.06211631002711 7.06811002155698 7.06712052342765
6.36598496611603 6.34790945275419 6.34192818406277 6.35281776322558 6.38082424539494 6.42052625079701 6.46361832381929 6.50233136033713 6.53074557960753 6.54482760132431 6.54329828137618 6.53083326674386 6.52161537170328 6.53309900495472 6.56833295039208 6.6144322965288 6.65949326108684 6.69952844059222 6.73482268600045 6.76634666537878 6.79449724476724 6.81899446999201 6.83912687669938 6.8542185139834 6.86437189313301 6.87104675571955 6.8766741849451 6.88348365841521 6.89269392224189 6.90451573875522 6.91850391782472 6.93383278153427 6.94941090922071 6.96393056983756 6.97603247497395 6.98479594046842 6.9904995297796 6.99492565736624 7.00043221681227 7.00846607202312 7.01896144167192 7.03073628048238 7.04205991133 7.05106008997717 7.0562037199305 7.05690223877888
6.40282646563068 6.39248081689881 6.39128092986084 6.40149132144705 6.42290945550663 6.45255061396687 6.48576843444527 6.51757071478867 6.54337050361967 6.5596189116293 6.56511133235941 6.56338216651479 6.56446615337284 6.57984624834152 6.61059883617364 6.64718481203487 6.68180020464869 6.71271526199555 6.7407810724038 6.76667517294314 6.7903246475066 6.8112180507907 6.82881851795744 6.84290146998478 6.85383815422084 6.86271984369554 6.87110524408677 6.88046509684727 6.89173578619261 6.90521260216497 6.92065582660627 6.93740747759861 6.95442247872768 6.97023769429203 6.98306426247675 6.99140096012459 6.99534239038619 6.99737963978841 7.00089162748046 7.00762529124821 7.01711431507902 7.02777685343498 7.03791934281177 7.04617753694427 7.05169951784104 7.05420963716972
6.4295962339694 6.42315982612996 6.42354216886704 6.43191959312174 6.44835522328604 6.47163120510434 6.49937863376586 6.52835560275731 6.55498720595801 6.57635123582953 6.59155931995354 6.60309068316025 6.6166170021738 6.63690075619798 6.66224639361684 6.68699862420898 6.70883951774716 6.72910839398326 6.74927206538268 6.7694626341758 6.78887753123177 6.80654083864441 6.82182227823876 6.83465945864417 6.84556593771877 6.85548924500692 6.86555377466536 6.8767603404812 6.88976099549797 6.90477512383008 6.9216070691243 6.9396741796845 6.95796742670146 6.97493138939368 6.98844301373728 6.99646832796771 6.99892112561554 6.9990743296046 7.00135637889413 7.0076944538057 7.01718934772998 7.02797019367558 7.03841852925867 7.04745838010935 7.05447854686065 7.05915176883037
6.44373952945164 6.43731233901791 6.43616661960293 6.44155658967324 6.45438428501402 6.47474222199108 6.50141154781601 6.53179384001634 6.5626253877315 6.59127246099338 6.61699345417919 6.64135503011344 6.66671279105912 6.69248355239295 6.71369420654792 6.72715996332505 6.73619746800938 6.74593979674958 6.75863850632322 6.77372519470749 6.78949856465342 6.80436225455325 6.81741277122566 6.82860195993732 6.83861213515438 6.84851487106499 6.85935464136479 6.8718595297242 6.88636026022088 6.90283168927102 6.92094488395615 6.94006759043703 6.95917779544575 6.97669222371609 6.99039888098081 6.99815111452777 6.99998006817161 6.99968003155051 7.00209715247056 7.00904522999465 7.01936986456783 7.03117388502631 7.04301122048748 7.05399654315091 7.06353902251215 7.07102629334644
6.44546801990386 6.43533438228583 6.42940422589419 6.42999625201712 6.4396259584396 6.45972769494955 6.48938120852493 6.52535607199646 6.56362978227072 6.60124606730574 6.63738841132561 6.67301692928414 6.70847559761418 6.73962400240477 6.7582811117641 6.76223829775748 6.75999159682121 6.76069293499039 6.76729788133896 6.77838587787742 6.7913035955345 6.80378914858478 6.81457539556759 6.82358037273224 6.83179849477924 6.84076465971988 6.85175683248105 6.86531039811587 6.88130374201111 6.89927155466452 6.91859045450887 6.93847722081788 6.95786359970973 6.97522642406975 6.98859489449065 6.99630759270809 6.99887453245136 7.00000537822236 7.00397396119718 7.0122668895605 7.02385074233312 7.03713974634204 7.05100135214296 7.06476043930775 7.0777974533385 7.08906104710474
6.43703235405268 6.4197634850807 6.40543303065178 6.39833034207906 6.40385059944608 6.42551783020305 6.46204405692935 6.50787200477347 6.55671383019659 6.60455373074086 6.65036317396779 6.69483638875702 6.73737681008009 6.77211993522525 6.7890721723039 6.78651432716169 6.7765983138436 6.77138299462943 6.77412783304137 6.7826467354805 6.79354958039048 6.80402227441743 6.81241173811785 6.81859168364474 6.82409747550408 6.83138344415177 6.84226539857889 6.85700258786578 6.87474872092254 6.89438911492771 6.91491815927549 6.93539652924545 6.95476658094099 6.97171338081766 6.98478681128448 6.99312105621447 6.99767648502832 7.00152108985134 7.00782464208872 7.01773686042523 7.03062158453427 7.04543408413328 7.06149222027963 7.07845203783404 7.09579020691535 7.1119940672744
6.42250929200219 6.39555018519366 6.36942940839737 6.35106078850075 6.35040934445513 6.37464586312488 6.42159865902609 6.48116142965875 6.5429652438209 6.60130802908406 6.65498252383018 6.70470785627847 6.74970169393609 6.7842798296493 6.79957721979873 6.79512465515542 6.78359170888201 6.7770900984253 6.77872891692849 6.78614528392782 6.79577046369334 6.8045131333697 6.81036482175895 6.81313076736577 6.81513833967474 6.82030587327283 6.83123465486228 6.84760930010384 6.86748533690442 6.88896832692608 6.9107204527101 6.93175741106009 6.95116161194026 6.96796306053307 6.98131122376267 6.99101583343672 6.9981774969045 7.0050518082716 7.01377885751449 7.02524281293401 7.03922475092306 7.0552535827981 7.07316878307411 7.09311056990393 7.11491887228282 7.13684496687005
6.4075672493098 6.37051642332612 6.33135151396687 6.29959396623355 6.29097536508975 6.31794680209616 6.37715687668206 6.45199145160369 6.52675004309685 6.59394369843665 6.65244172273152 6.70329010297281 6.74617408623017 6.77723006732099 6.79122299862418 6.78948967551498 6.78216020958938 6.77861217914983 6.78147339707983 6.78890054136697 6.79776272394828 6.80503515210122 6.80846893217588 6.80777833178414 6.80618009734141 6.80936536518464 6.82073624191425 6.83904335166148 6.86105796095637 6.88420909390382 6.90700894058201 6.92857396828372 6.94822107804986 6.96534763318513 6.97957981843319 6.99110327206982 7.00090778502183 7.01054841836144 7.02141825949385 7.03418628649658 7.04891001252787 7.06555888566078 7.08442833316129 7.10616316012569 7.13114764118621 7.15779111039901
6.39839073325129 6.35428254168914 6.30546939259611 6.26319648980366 6.2479482302253 6.27696813467111 6.34580485363826 6.43194572371214 6.51528047011853 6.5871241992669 6.64659841228542 6.69525082651298 6.73373739325003 6.76068108999586 6.774539753836 6.77770037806059 6.77687413948463 6.7780443427267 6.78317051186093 6.79112752166542 6.79952434469552 6.8057086299981 6.80747325989018 6.80454117700295 6.80070046069516 6.80279176239535 6.8146199941776 6.83415994075465 6.85736418822384 6.88136132933602 6.90469089758837 6.92661591511489 6.94665966234766 6.96448254895886 6.97997966225539 6.9934535762248 7.00567376421351 7.01766502932958 7.03030421399697 7.0440559566194 7.05907526376707 7.07555625098749 7.09404289366832 7.11545913614668 7.14053049180295 7.16795372195214
6.39948315374112 6.35450893333273 6.30436486245603 6.26059118408681 6.24452163834335 6.27412234019129 6.34449054774959 6.43192236716122 6.51545248152011 6.5860337398291 6.64269243884515 6.68719033770375 6.72109443108713 6.74500294452258 6.75957214443701 6.76721465585457 6.77197822856401 6.77732216681959 6.78455654480808 6.79306945053171 6.80118818214312 6.80684926074028 6.80828818054204 6.80547174729305 6.80204339331315 6.8043633788081 6.81595746970997 6.83494831918212 6.85755950987213 6.88110327366931 6.90421298040173 6.92621190759973 6.94669648685575 6.96542364151901 6.98236177057318 6.99776558228237 7.01215712081737 7.02616047220304 7.04026964634357 7.05472756855766 7.06962900567652 7.08518241972389 7.10194431257367 7.12080501047947 7.14241658577972 7.16559394024975
6.41142630960336 6.37236638616018 6.33017237152354 6.29510486512627 6.28479604621351 6.31324384215517 6.376170671469 6.45432456681495 6.52980162027905 6.59389368145272 6.64493466817376 6.68430016001001 6.71394837373533 6.73552048805799 6.75054527558055 6.76101662946554 6.76932303636473 6.77740248862144 6.78605346723336 6.79492658262412 6.80291460505276 6.80861809144629 6.81095815383854 6.81024994282151 6.80937602467538 6.81294174130038 6.82366395565563 6.84056381275105 6.8610536428543 6.88305025487954 6.9053317830346 6.9271860810802 6.94814421732713 6.96791020109564 6.98638716768501 7.00369645902759 7.02012269287068 7.03597590360437 7.0514369141205 7.06649760969002 7.08107016707398 7.09522644087594 7.10940642439665 7.12436149382896 7.14058903419801 7.1571444364897
6.43039057434391 6.40152358948026 6.3726073964745 6.35138357434899 6.34966440165476 6.37607768273476 6.42773169321414 6.49196481470283 6.5556435626737 6.61091736239246 6.65519608038758 6.68906160308735 6.71442226778581 6.73337248755356 6.74774828992078 6.75916564004327 6.76906283741655 6.7784847465761 6.78783050797534 6.7968318286312 6.8047664245163 6.81080606754215 6.81449006010505 6.81635341265627 6.81838203491817 6.82338253252948 6.83318798903114 6.84768602041845 6.86564601874197 6.88579291615774 6.90713886352538 6.92891761069363 6.95052101967765 6.97151261707746 6.99166028984355 7.0109284476834 7.02940120264603 7.04714767201847 7.06408466434734 7.07992529727093 7.09429550742603 7.10701913817211 7.11840664967023 7.12923408520251 7.14018437674762 7.15094389431549
