CreateGrid/data/test.grd
ncols 100
nrows 66
xllcorner -10697950.5964087
yllcorner 3495319.07217906
cellsize 10.2939012732729
NODATA_Value -9999
[rows 20 to 39 of 66, columns 46 to 91 of 100]
7.15739445386876 7.16283376096177 7.1673894045832 7.17205513720134 7.17761790334631 7.18367894564156 7.18862503716974 7.19041264110179 7.18774426407519 7.18122643669515 7.17406699791108 7.17175798118628 7.17932311666448 7.19367878951609 7.19733813768992 7.17449907635171 7.13132319470005 7.08312574380572 7.03864866810404 6.99993063257134 6.96606538202984 6.93545252037501 6.90693637766993 6.88050102060429 6.8574877159009 6.83971573623677 6.82727901961095 6.81708500679408 6.80457641918493 6.78651153958389 6.76151173606612 6.72897232853266 6.68819856757044 6.63864164306685 6.58189168407537 6.52579349333707 6.48673891828113 6.47953244027796 6.49965908418911 6.52725628322052 6.54721885045812 6.55620469744851 6.55801536254847 6.55828548527763 6.56121519477533 6.56822050902854
7.16222965345951 7.16916966731961 7.17775853478763 7.18844941165655 7.20124441567621 7.21485283336688 7.2264421835343 7.23234533591771 7.22971317351955 7.21846400130711 7.20233264538208 7.18807563198138 7.18216613508854 7.18416422580027 7.18197184772328 7.1627209990033 7.127708172941 7.08651814002106 7.04600166241503 7.00843241268608 6.97354593271391 6.94025661924946 6.90775622703242 6.87648471190883 6.84902121762448 6.82962340120646 6.82032982114637 6.81668184570603 6.81082518987679 6.79798015373297 6.77736695200379 6.74973468528094 6.71576281434334 6.67606080432937 6.6325686589148 6.59091805996469 6.56092782318908 6.55062466200442 6.55790054757337 6.5723767576684 6.58488195073264 6.59206957202509 6.59502626459305 6.59647720750851 6.59874452520457 6.60279805879287
7.17128492233165 7.18047432564106 7.19373153940508 7.21137394951005 7.23313529058006 7.25707246381704 7.27876288671879 7.29176982439154 7.29025617986396 7.27288387141362 7.24478931450408 7.21535069634745 7.19297663140347 7.17941070725609 7.16759895050587 7.14846255879196 7.11988467950176 7.08576400885838 7.0502005492938 7.015050875582 6.98033650513065 6.94522805885852 6.90898289113158 6.87214726352336 6.83834583618192 6.81507225403872 6.80815397248331 6.81208332138655 6.81420135133819 6.80748835803061 6.79195345225786 6.76990543365712 6.74336424572482 6.71373911043958 6.68264047253003 6.65318876952317 6.6302922004963 6.61801530055199 6.61599551802366 6.61976164480164 6.62447945156547 6.62756521306147 6.62874588170888 6.62893104127609 6.62910218230995 6.62969405592515
7.18180855904377 7.19397924737248 7.21272858170021 7.23874901830016 7.27221184954731 7.31112866437412 7.34929979234493 7.37562015331288 7.37810449405701 7.35266238163586 7.30794245680643 7.25928066850819 7.21855273576885 7.18891762860491 7.16586752141679 7.14275565706832 7.11614932532322 7.08636173688416 7.05486615664435 7.02243760854863 6.98882180524522 6.95313545223692 6.91456465572562 6.87361509496663 6.83446687846271 6.80694607085231 6.80040252931993 6.80939160425216 6.81760552338263 6.81600867799477 6.80503006392767 6.7881093129806 6.76825300802652 6.74728948635916 6.72614670074645 6.70576219215781 6.68794996589458 6.67485021057859 6.66720257850781 6.66370843335869 6.66217244330212 6.66086815133503 6.65901293714475 6.65649240325248 6.65336823143805 6.64956428082346
7.19208024934713 7.2077186587891 7.23235021844846 7.26769113870176 7.31536391776765 7.37467665739288 7.43836009945699 7.48820116354247 7.49965976984325 7.46206245044593 7.39205148620838 7.31734957459927 7.25534288116855 7.20939590358605 7.17502741893567 7.14616943453903 7.11870256274278 7.0909513777576 7.06245637446535 7.03279380477985 7.00114240574749 6.9664430632939 6.92796953080348 6.88651485112429 6.84657662584644 6.81793323427972 6.80970051669898 6.81733365406156 6.82572928494033 6.82573214382921 6.81729892714995 6.80391287645938 6.7889898766788 6.77457081044414 6.76090793750754 6.74715619897601 6.73312086097952 6.72005584408238 6.70942611232743 6.70156446597899 6.69570279916861 6.69072466128612 6.68568923304276 6.6799051249785 6.67277468145247 6.66371656479263
7.20155613488263 7.22041980695416 7.25018885745776 7.29407157638831 7.35601748007875 7.43838002712807 7.53506556812941 7.61966281683705 7.64606728382829 7.59021442193476 7.48449784448171 7.37776115500152 7.29341633240706 7.23263627158137 7.18876303839165 7.15489731556011 7.12620489793595 7.0998556344719 7.07412617476099 7.0475905008143 7.0188146095433 6.98655809216431 6.95037239351813 6.9116186577242 6.87482902742005 6.84779015633916 6.83652865976482 6.83759745335739 6.84052504814701 6.83807085689242 6.82940991248439 6.81716603207478 6.80465578179295 6.79420184005778 6.78577005060854 6.77708296020212 6.76631906427588 6.75417470022963 6.7425615979733 6.73261640292891 6.72427061313407 6.71675707582202 6.70908935341697 6.70023560547755 6.68910539575163 6.67462061055784
7.21040235079573 7.23117927032789 7.2638358822007 7.31287176523211 7.38432958710229 7.48393613506244 7.60879648174428 7.72723906257593 7.76955348279918 7.69437876002331 7.55423675032044 7.4208218285307 7.32049975418143 7.25039894282156 7.20116796106602 7.16496028586693 7.13652121177146 7.11246691219169 7.09031997179029 7.06784375903728 7.04293404788647 7.01406339673328 6.98103067673739 6.94569686251627 6.91230189375334 6.8863712966261 6.87120478556663 6.86445580636918 6.85990628383331 6.85264623891325 6.84142042828807 6.82776711632156 6.81462535703226 6.80492937028347 6.79935068530227 6.7948549315754 6.78783255082213 6.77800580233962 6.76729780699465 6.75720175453392 6.74802686030231 6.73924936923706 6.7299173179143 6.71883352419947 6.70459987654551 6.68578139723012
7.21882921698843 7.23929912035417 7.27143991775588 7.32007022023938 7.39156047090048 7.49231123518106 7.62067838976988 7.74519731113703 7.79091587887996 7.71114879573412 7.56442155263107 7.4279843654406 7.3271339560828 7.25720622061513 7.20852140437958 7.17371145463937 7.1480219708618 7.12820469339301 7.11143235071868 7.09466665545839 7.07481247124478 7.04968156514169 7.0191470576139 6.98558657908515 6.95317423364347 6.92611873076364 6.90640873162711 6.89260356026038 6.88107500826073 6.86853252610581 6.853519029145 6.83655820464001 6.81997891096939 6.80751577008552 6.80194101060372 6.8009466756362 6.79881213850365 6.79308926379248 6.78503442173323 6.77632254403606 6.76764546042861 6.75878615043623 6.74893959183034 6.73691338140054 6.72124017339373 6.70043847789786
7.22691563395351 7.24450840502775 7.27255328991396 7.31501753111 7.37650269598426 7.46057246742004 7.56316806064517 7.65764950285504 7.68885377424546 7.62451368889059 7.507413517887 7.3962393651039 7.31201967843423 7.25214792750653 7.20983100673952 7.18010011525427 7.15988944627986 7.14686592005898 7.13820071881103 7.1297785420459 7.11665266648486 7.09513125636366 7.06506131584542 7.03000117546898 6.99507554076376 6.96441457053397 6.93966110569062 6.91989833829233 6.90271386705818 6.88559659839531 6.8668896143252 6.84627800202962 6.82536318951989 6.80835064076212 6.80041298997292 6.80131490233739 6.80387532525628 6.80281130806174 6.79809643963495 6.79144691719721 6.78399371182388 6.77590920117428 6.76661891908311 6.7550509210794 6.7398650457545 6.719831885136
7.23488448240815 7.2472431683238 7.26841994556546 7.3008605825224 7.34653909251181 7.40529415814943 7.47065894403541 7.52358651391437 7.53449922856545 7.4900116929814 7.41444652148999 7.34088386844711 7.28248340554067 7.23860335114928 7.20635686366418 7.1842439983107 7.17180218122006 7.16837781138277 7.17153231742811 7.17549848635393 7.17167004784195 7.15311141701574 7.11987044086777 7.07858626726628 7.03714405267707 7.00060265880309 6.9705074314976 6.94591936882335 6.9246892673557 6.90446009596064 6.88334559928223 6.8605165528521 6.83708982429005 6.81719057774478 6.80667479669321 6.80667148263745 6.81054577730296 6.81182584651442 6.8092025279249 6.80404912750308 6.79773910178662 6.79078210287284 6.78281704176184 6.77288077547848 6.75979006384003 6.74264473216757
7.24322671474811 7.2485190495462 7.26129565443466 7.28245611048216 7.31181380544299 7.34687254395367 7.38093209097615 7.40207851621009 7.39767125432215 7.36637823502037 7.32290836571916 7.28252954444285 7.24927709973812 7.2218536201182 7.2003006149159 7.18657538415816 7.18319418063502 7.19185037356715 7.21114538238992 7.23305273965502 7.24218892330898 7.22510554890055 7.18305941577472 7.12960378837542 7.07771728206513 7.03369318077765 6.99850305330049 6.97050304776545 6.94712966514723 6.92574612055693 6.90417368981896 6.8813079040405 6.85801958858295 6.8378684285707 6.82560393147434 6.82230736855052 6.82327338284119 6.82313645934547 6.82006361240611 6.81485278683464 6.80885586515312 6.80282931131466 6.79656195317411 6.78905766788851 6.77911565460915 6.76600390198843
7.25241246454411 7.24940449550157 7.25334877451806 7.26389076641661 7.27957249783868 7.29714566170768 7.31102119826189 7.31409833425293 7.30175381931532 7.27782839444327 7.25371582442857 7.2359696912692 7.22131966276337 7.20649036699331 7.19346207977839 7.1870457901134 7.1924522930175 7.21401270874167 7.25224462428382 7.29690933300494 7.32235903678576 7.30430159970402 7.24735959233633 7.17702676271178 7.11284430150539 7.06152736070596 7.02261270744444 6.99321705929007 6.96998438849104 6.94970885387517 6.92973192203935 6.90858321657927 6.88679667190614 6.86713990392309 6.8529867711654 6.84514823355476 6.84084996785517 6.83654468466121 6.83060148824171 6.82342287286885 6.81634808215634 6.81051600924395 6.80595606641281 6.80144531628949 6.79539829753925 6.78692752883814
7.26238324619042 7.25045814636342 7.24589246108127 7.24736054122498 7.2528130793414 7.25915484993295 7.26222566855297 7.25780810744357 7.24438987893551 7.22668106575118 7.21390559540662 7.20859124512218 7.20357206275855 7.19497718570756 7.18656345235397 7.18492010292756 7.19679268583005 7.22836571987199 7.28205252361529 7.34631377419925 7.3857787907753 7.36517121155766 7.29385448524173 7.20951203339007 7.13661186137213 7.08128126929684 7.04156269082645 7.01354496796335 6.99317845081693 6.97655729399136 6.96019521705869 6.9418350830341 6.92143231097164 6.90119807829543 6.88392962375673 6.87069839692848 6.86022238420464 6.85037110506768 6.83985577719433 6.82885918437405 6.81888713284693 6.81193963316588 6.80879052434563 6.80787113684583 6.80660979387524 6.80346755164787
7.2721354287708 7.25142827187843 7.23919688439929 7.23333180984864 7.23155666645216 7.2312629818781 7.22961661259343 7.22429052473099 7.21505610170144 7.20545937584953 7.20076516224326 7.1998529344204 7.1956299885465 7.18690584875097 7.1791800537809 7.17923463370929 7.19352123286199 7.22800801247523 7.28493834056718 7.35224272082688 7.3934076625865 7.37264733276133 7.30058259540043 7.21620000947728 7.14431140506565 7.09107517931984 7.05466479837754 7.0313428325317 7.01698726962359 7.00700742755997 6.99650712584463 6.98164647640732 6.96155358485916 6.93862263433359 6.91633921814828 6.89672075749848 6.87961110101699 6.86367798780514 6.84771884007426 6.83161437045007 6.81705221760486 6.80740202622561 6.80505607702803 6.80823515868632 6.81269110071016 6.81564509374333
7.27968360215971 7.25131505089347 7.23271734998902 7.22119322883459 7.21441698722465 7.2102862006553 7.2069998545007 7.20349005124573 7.20010377789936 7.19862864253474 7.1995497769143 7.19832374376398 7.19049648551513 7.17889450604672 7.16994213102674 7.16935768481814 7.18193399747368 7.21155844449777 7.25826215685104 7.31055003276151 7.34059740000147 7.32342243451317 7.26615148439038 7.19696063147981 7.13636823178883 7.09145303012645 7.06237504644164 7.04700968645344 7.04204666580087 7.04231263897014 7.04050902305989 7.02973215557897 7.00799814089979 6.97933739388321 6.94964362361936 6.92254130504867 6.89865514617145 6.87688425218712 6.85581389514784 6.83489656798813 6.81577577116684 6.80294116857241 6.80057846377334 6.8071772207056 6.81700327942727 6.82592215460066
7.28261847981214 7.24876432750623 7.22550144742401 7.20987865801962 7.19965310185923 7.19311565315896 7.1890878952125 7.18707789837472 7.18731459579783 7.18987115187116 7.19234720413171 7.18958037185195 7.17962520908472 7.16685708540248 7.15724027471842 7.15517710202511 7.16368219266185 7.18436956973081 7.21538614093772 7.24753462816616 7.2638657778807 7.25081217616165 7.21182314517228 7.16287414357079 7.11822091523752 7.08508714167543 7.06590295830194 7.06088791163636 7.06836148718796 7.08280370159668 7.09307405548698 7.0866925419111 7.06029825103878 7.02213854731988 6.98266085562491 6.9474278531715 6.91729340180634 6.89087715137831 6.86640405769024 6.84297374418971 6.82194172352331 6.80770248944646 6.80479894427522 6.81243095726734 6.82509780169544 6.83820646392696
7.27915381018403 7.24263917035137 7.21660328844115 7.19830097302902 7.1857178257391 7.17741497707623 7.17246240005526 7.17039606072456 7.17093885920479 7.17310459299542 7.1740568714376 7.17012458611149 7.1606846625452 7.14926806733618 7.14034896816592 7.13711040245791 7.14131228411688 7.15320465742473 7.17046722340858 7.18685704132791 7.19322007381315 7.18299067829174 7.15774792292737 7.12576388123432 7.09602413874318 7.07482727205534 7.06600552412252 7.07195918480376 7.09308237634987 7.12396972121721 7.14851536614381 7.14602075317708 7.11192568161931 7.06176283327467 7.01194662676318 6.96948616500403 6.93474334721788 6.90571204980644 6.88026247706727 6.85728008696226 6.83763530810481 6.8245237827035 6.82133497188139 6.82792690123823 6.84057134864254 6.85550249867821
7.2690375282921 7.23248257333478 7.20537680145849 7.18559137731513 7.17146695132519 7.16175142549199 7.15554147018772 7.15218296072168 7.15098927504434 7.15071327383805 7.14923813892648 7.14452281595941 7.13648624349457 7.12732913147519 7.11985591479326 7.1160978750565 7.11699467522823 7.12226912901121 7.13001272241552 7.13643988759864 7.1368784015346 7.12833128260817 7.11172104565029 7.09148829212262 7.07324567760528 7.06202848940004 7.06206304631433 7.07703905354988 7.10891492901066 7.15260460102659 7.18806147374626 7.18772708674901 7.14698596367705 7.08818712667262 7.0319965964041 6.98582604474172 6.9493834040915 6.9202055282998 6.89600359206323 6.87554356846445 6.85913492045335 6.84858955768068 6.84590631773907 6.85129240344206 6.86287624143948 6.8783351084637
7.25361660498304 7.2185983362888 7.19155472521627 7.17116187048188 7.15615743311697 7.14540535370835 7.13792416711431 7.13286024995706 7.12935223127389 7.12633319753806 7.12254989048898 7.11710972642243 7.11020118255512 7.10305702541412 7.09713432491874 7.09343368312032 7.09229070974579 7.09329156876673 7.0951392302137 7.09572667851499 7.09279970680845 7.08515561832424 7.07359160427676 7.06080634168945 7.05047608677315 7.04644187298274 7.0524944591965 7.07226688875779 7.10766420425713 7.15336117098775 7.1893235547415 7.18916548839443 7.14958896530476 7.0927173428807 7.03850229765406 6.99417669040826 6.95964570511332 6.93273728020515 6.91140400114736 6.89444874311917 6.88176389975971 6.87418985120623 6.87279967393679 6.87795695175279 6.88906276985235 6.90514527491353
7.23503453443526 7.20172167274384 7.17510001411223 7.1546115824425 7.13932119268884 7.12808828435425 7.11974603326984 7.1132366062731 7.10764784146896 7.10220616177918 7.09637223804826 7.09007014996545 7.08377180458767 7.07816929656311 7.07372069092499 7.07051480133245 7.06836438933039 7.06682036152998 7.06510207857184 7.06216895287532 7.0570965730162 7.04965479126153 7.040725332346 7.03225096398088 7.02680692407877 7.02718207238404 7.03617640543789 7.05624520530703 7.08786546896562 7.12534565128365 7.15287156672353 7.15224971098158 7.12170535645785 7.07662042994481 7.03203128173457 6.99455132430153 6.96504558233663 6.94230104489025 6.92487872016515 6.91180833631715 6.90280340176216 6.89819454748785 6.89859587915276 6.90449163575801 6.91609071758064 6.93350062029021
