CreateGrid/data/test.grd
ncols 100
nrows 66
xllcorner -10697950.5964087
yllcorner 3495319.07217906
cellsize 10.2939012732729
NODATA_Value -9999
[rows 20 to 39 of 66, columns 0 to 45 of 100]
6.44983597995247 6.4317226745605 6.41622624519609 6.40825589597592 6.4144934917447 6.43956616239953 6.48195712896549 6.53432801082616 6.58770139963952 6.6351933201456 6.67336063426986 6.70188849891808 6.72254633670889 6.73787729321116 6.75011567512783 6.76077139097021 6.77073623840258 6.78044432262841 6.78992023707617 6.79883460961879 6.80666380843846 6.81294848229424 6.81760671718341 6.82122152138431 6.82510794596094 6.8309142262904 6.83989501370476 6.85249577022563 6.86850593659674 6.88735894058862 6.90830011956564 6.93049847639499 6.95317575786939 6.97572449394748 6.99776792693058 7.0191409429365 7.03979519594526 7.05964872910624 7.07842202769002 7.09553991075696 7.11022566615202 7.12189267682189 7.13069373813403 7.13769617051775 7.14424586201002 7.15096017438388
6.4629605478146 6.45323837643533 6.44815164059971 6.45039899032924 6.46328221150305 6.48909744489873 6.5271431804584 6.57319667003274 6.62091803899758 6.66402791865254 6.69816401652847 6.72201271730822 6.73736201117468 6.74772173092447 6.75627912120828 6.76478670614503 6.77375706795523 6.78305872820436 6.79228481342525 6.80091449844048 6.8084441987452 6.81455818514982 6.81930821478144 6.82322304177848 6.82726655850974 6.83263694546211 6.84050668288229 6.8517861200392 6.86690442237318 6.88567296595796 6.90735842176973 6.93094599140554 6.95543708696033 6.98005298636659 7.00430857505921 7.0279770895703 7.05097637990903 7.07319577091869 7.09427732726387 7.11340214750342 7.12926052436082 7.14054348837712 7.14703192135484 7.15032552658097 7.15297660378052 7.15679012516232
6.46446495805174 6.45914793403918 6.46049636937338 6.4701179117653 6.48936985594902 6.51896746253203 6.55815503275017 6.60399915389443 6.6514726025108 6.69442284597327 6.72729409399903 6.74746220086385 6.75692487864799 6.76101019369318 6.76465221636014 6.77012650257821 6.77753476111847 6.78608921945409 6.79486265459546 6.80303438442636 6.80996913242579 6.81529366701193 6.81898702483841 6.82145340818058 6.82356805627273 6.82669777908499 6.83258364888181 6.84286953947484 6.85839722695196 6.87884921722833 6.90302996277255 6.9294502035043 6.95679427899696 6.98413456829776 7.01095205656901 7.0370527176869 7.06243107932404 7.08708473769823 7.11074469600285 7.13249335311885 7.15043449519721 7.1621085161694 7.16644508232448 7.16577040779557 7.16452886250157 7.16600044949263
6.45160200837618 6.44591379216835 6.44967427238583 6.46477101549979 6.49142796200548 6.52849412534352 6.57394684393131 6.62474405231628 6.67631918988157 6.7224478909033 6.7563309141028 6.77384436213875 6.77736846600797 6.77477221312576 6.77326161461599 6.77565847598666 6.78152167439275 6.7893351757819 6.79762154583636 6.80520983966322 6.81122676827055 6.81507450398328 6.81646630219717 6.81556328179796 6.81328351035462 6.81171595053326 6.81407394028019 6.82345180003995 6.84102490110542 6.86556682694126 6.89459285615412 6.92568631372705 6.95711560074994 6.98787983244871 7.01754247602377 7.04604407888627 7.07353826068651 7.10021790184853 7.12603844486681 7.15019644483899 7.17038882599808 7.18284050263273 7.18520008740556 7.18062626626405 7.17592886524173 7.17584807042876
6.42530141475234 6.41429863462099 6.41651119340263 6.435719857999 6.47148844508442 6.51976830665208 6.5756660694707 6.6347818011242 6.69246545632749 6.7426133121387 6.77791171457279 6.79352197539424 6.7925272935662 6.78503313906368 6.77996062495659 6.78037529403425 6.78531988444088 6.79270032805388 6.80060927598861 6.80756486241952 6.81240955445915 6.81419596020719 6.81218163051876 6.80607777564208 6.79678460422059 6.78755400381153 6.78425828340407 6.79268953005279 6.81437261674676 6.84597205531448 6.88253496991702 6.92022049538749 6.95688489378343 6.9916220067211 7.02422967779001 7.05486584151688 7.08385651357385 7.11155430741201 7.13810786168681 7.16292579777066 7.1837121113261 7.19611048380983 7.19706293681701 7.19039640309728 7.18440065915932 7.18445335161084
6.39153307307153 6.37147713809348 6.36878393662846 6.39061973959578 6.43639685449561 6.49811448817114 6.56645616812527 6.63461203896385 6.69751030454737 6.74966274504323 6.78477022188542 6.79917662230494 6.79699051204109 6.78876828801379 6.78340142415704 6.78379504281589 6.78882926833658 6.79624858522396 6.8039804451807 6.81035372870109 6.81394921400163 6.81341981281471 6.80744480930125 6.79507926298807 6.77698780063502 6.75772661004612 6.74686880409122 6.75433041864885 6.78206352180568 6.82327263492683 6.86939855703372 6.91489236860433 6.95735971712824 6.99620109579215 7.03157471963191 7.06388216305128 7.09355796602907 7.12096874897875 7.14626104911185 7.16896326719443 7.18724471446855 7.19773360654496 7.19844863682181 7.19325317322823 7.18940802828758 7.19160179191966
6.36124329965007 6.33196868812174 6.32339568654932 6.34622203711051 6.40018538336096 6.4735205217651 6.55226036533445 6.626898029837 6.691918587776 6.74303348468529 6.7763439465404 6.79076685945889 6.79113491934785 6.78645996662896 6.78400337565544 6.78624447714801 6.79230682028501 6.80020639103372 6.80798537107902 6.81393844498043 6.81647566541181 6.81392286906131 6.80445318960307 6.78650633964197 6.76042655830592 6.73180917218861 6.7137285144412 6.72037642418135 6.75423260722854 6.80486560972536 6.86007791334938 6.91277596044167 6.96045953028192 7.00288463284219 7.04054521093796 7.07401471859172 7.10372568443322 7.12991273310989 7.15256903581858 7.17131220369787 7.1851798148841 7.19289459545664 7.19453297128646 7.1932079932956 7.19344149175847 7.19850234209409
6.3463915723434 6.31247362392566 6.30081203133808 6.3235174656249 6.38057597067629 6.45859465070749 6.54112116646836 6.61694297358652 6.68036439893498 6.72846602231962 6.75986263863744 6.7756944011586 6.78070021076994 6.78159330081024 6.78358451751475 6.78863426885552 6.79624245930808 6.80489584826746 6.81292277806056 6.81872153487997 6.82067467015626 6.81698563199178 6.80564456190189 6.78492268989421 6.75518946842009 6.722587624418 6.7015494041379 6.70794290148511 6.74471069458358 6.80012251139293 6.86030977328188 6.91725533544424 6.96823401268271 7.01306883643573 7.05234226464694 7.08662370907669 7.11622230999274 7.14116590174537 7.16128783037419 7.17638942336613 7.18648717048956 7.19215891648327 7.19484019433982 7.19666464354453 7.19987770663063 7.20655371227842
6.35340924031656 6.32156592665613 6.31143007483515 6.33354263973741 6.3876187353051 6.46143578165066 6.53946706289522 6.61062160699457 6.66937305100651 6.71372531380334 6.74379577268146 6.76169027835951 6.77142259500291 6.77768699560033 6.78402426151386 6.79191012808213 6.80113469064396 6.81063437522951 6.81907358001161 6.82505217007622 6.82708280969294 6.82350917429044 6.81256622259541 6.79295439220659 6.76555279505986 6.73646063874842 6.71860827520982 6.72576487688212 6.7609154214885 6.81433305442194 6.87349100010723 6.93044318357988 6.98207157669003 7.02784313138244 7.0680911845378 7.10317577903654 7.13317636942507 7.15786915799784 7.17690830718822 7.19019373594352 7.19831510182667 7.20272370568827 7.20527565139005 7.20754002999651 7.21079001520644 7.21655373670247
6.38023628418377 6.35515765225704 6.34944302610259 6.37050031830991 6.41755836688472 6.48114155936946 6.54890758775628 6.61140966219832 6.66365083512042 6.70400626799907 6.73300626713289 6.75270834358859 6.76617952372821 6.77662802732696 6.78643546485027 6.79668476110126 6.80733094019656 6.81765579352298 6.82664103011386 6.83314364480953 6.83592992539117 6.8336870624999 6.82518388027605 6.80985970944443 6.78917958282212 6.76856172440807 6.75781292387942 6.7667547059832 6.79791815381485 6.84497990362913 6.8986575100408 6.95214226282329 7.00213997509046 7.0476243237405 7.08850866437185 7.12483863792662 7.15641117045136 7.1826830663066 7.20294187975239 7.21674660153577 7.22448085109901 7.22755609084094 7.22790062817724 7.22723909599635 7.22703203386163 7.22891031504514
6.41959235524604 6.40245318069061 6.40135963706925 6.42077943658779 6.45966325123316 6.51136266743503 6.5670927839613 6.6196328394711 6.66479253053059 6.70106753487774 6.7288189876327 6.74959912844111 6.7655727387903 6.77889912769583 6.79118132915828 6.80320172645251 6.81499212563428 6.82607879827328 6.83571766821341 6.84303862593761 6.84711904313081 6.84706527916577 6.84222499639386 6.8326924016014 6.82020509467593 6.8090933839604 6.80603740902087 6.81728783353551 6.84472733196452 6.88485598176519 6.93171512854593 6.98022631286981 7.02741750137197 7.07202058226253 7.11364778566545 7.15211729357002 7.18700648936863 7.21740018794315 7.24188017015091 7.25889822055228 7.2675763242887 7.26852061457356 7.26387572508286 7.25649279788533 7.24908956057663 7.24399697361115
6.46400461302162 6.45370302194322 6.45603807010306 6.47344332890898 6.50486491678341 6.54586476969988 6.59054925066542 6.633761113627 6.672208636998 6.70450173426657 6.73069757818791 6.75177823395852 6.76916596149791 6.78428013533416 6.79819169341969 6.81145556392927 6.82413098377337 6.83591348832112 6.84628459808759 6.85462936749088 6.86032803156145 6.86286896657155 6.86205473831643 6.85836920711358 6.85348177603911 6.8505983108199 6.85403345026071 6.86759107635298 6.89258539588975 6.92726587649097 6.96815194934812 7.0118728374198 7.05616402889924 7.09991233704663 7.1427467870246 7.18453594299468 7.22488338432818 7.26259945682511 7.29522894201658 7.31906431511618 7.33039635739025 7.32798998313305 7.31467902394678 7.29597942188632 7.27722141658531 7.26202374393313
6.50837432421582 6.50313744089252 6.50757819663928 6.52293201532699 6.54829238897948 6.58074948294263 6.61644553426029 6.65182899919044 6.68443156120853 6.71303505327026 6.73746192934273 6.75823313656291 6.77621542469404 6.79230837691793 6.80721219073226 6.82130997371767 6.83466375789471 6.84708548470906 6.85823419679631 6.86771008850598 6.87514570481406 6.88031812370686 6.88331476600633 6.88476666944465 6.88609211137279 6.88956412145996 6.89792964292348 6.91350503297574 6.93720095130735 6.96822260443811 7.00467929382297 7.04456146447477 7.08643361729269 7.12964212020156 7.174178298411 7.22034632470271 7.26822627051046 7.31677200125307 7.36246198508227 7.39823015973222 7.41504775108201 7.40788384815722 7.38105251831269 7.34537498035067 7.31072043018887 7.28246378512631
6.55007023030643 6.54831217852166 6.5538928107305 6.56740245183693 6.5881230484306 6.61414724050804 6.64296048661231 6.67215377418492 6.6999273583758 6.72526740964501 6.74787075833309 6.76794374344749 6.78596744410623 6.80248317156422 6.81793233991484 6.83256986176602 6.84644978339208 6.85946309864825 6.87140185376618 6.88203209532609 6.8911728811707 6.89879000223248 6.90511367851719 6.91077171515262 6.91688803493179 6.92504519469782 6.93700687084706 6.95422000273005 6.9773330168511 7.00605186619621 7.03944091847353 7.07645794424677 7.11642186350509 7.15926279672473 7.20556145830991 7.25639446936741 7.3128487226394 7.37477997200743 7.43821235119827 7.49194090099524 7.51832886376681 7.50520018574619 7.45939645122337 7.40098002077037 7.34659223008498 7.30335486621698
6.58811128333039 6.58866813092749 6.59480458360335 6.60678217459731 6.62405669067975 6.64536704027002 6.66906290622409 6.6935131942346 6.71742349610593 6.73998087151487 6.76084169060641 6.78002270531887 6.79775430273567 6.81433850339003 6.8300390747095 6.84501776061758 6.85931726894115 6.87288097583343 6.88559535406913 6.89734432476031 6.908071277855 6.91784909980207 6.92695647451542 6.93594688671807 6.94567666329846 6.95724292156829 6.97179838115494 6.99027777786836 7.01315895669484 7.04040355305344 7.07162832827042 7.10642428595297 7.14468800420151 7.18687829012886 7.23417606856984 7.28851044403303 7.35223292109114 7.42675005313353 7.50872949431553 7.58340284826646 7.62249683874017 7.60333709032684 7.53594843793632 7.45286228272739 7.37850227206932 7.32101415392498
6.62239260870852 6.62448477615702 6.63086442795659 6.64163253948886 6.65638614609709 6.67428091751121 6.69422024334451 6.7150931035914 6.7359722202183 6.7562210780027 6.7755067245415 6.79374527147398 6.81101453017921 6.82746314155897 6.84323666017114 6.85843163714623 6.87307987375352 6.88715825582318 6.90061652282375 6.91341597275991 6.92557451665249 6.93721484098649 6.9486102932023 6.96021671846527 6.97267052064784 6.98673153448123 7.00316463595261 7.0225891722236 7.04536162105412 7.07156058673806 7.10110046971782 7.1339418584896 7.17033987597293 7.21108812902657 7.25774061469859 7.31276369176699 7.37937579066097 7.46024963763752 7.55312803352124 7.64169248038 7.69024418864764 7.66741246081712 7.58517516580553 7.48542823723711 7.3978555060671 7.3308939507909
6.65319319807394 6.65632113984272 6.66279503499418 6.67264128488188 6.68556504780417 6.70099322423751 6.71818642752914 6.73638024799171 6.75490912900129 6.77328176347837 6.7912009039733 6.80853882498673 6.82528750595774 6.84150231096937 6.85725353151011 6.87259431219898 6.8875477226705 6.90211123759025 6.91627442558183 6.9300451629189 6.94348018650074 6.95671586469936 6.96999362982194 6.98367170132546 6.99821257963035 7.01413828091637 7.03195613486527 7.05207586193035 7.07475376905852 7.10009895996951 7.12815598400606 7.15905190177053 7.19318257985951 7.23141840848952 7.27531536888153 7.32727734775633 7.39042595572292 7.46737270141753 7.55600895241982 7.64072221297055 7.68723025615773 7.66503612979875 7.58476264059175 7.48619376052288 7.39826670241079 7.32973010736059
6.68091632372313 6.68476590381673 6.69127459879227 6.70043701779221 6.71203875260259 6.72568565298529 6.74087180789624 6.75706521086082 6.7737858583447 6.79065775002282 6.80742829592234 6.82395935724734 6.84020012368651 6.85615329233498 6.87184416046687 6.88729890246258 6.90253468506685 6.91756124976548 6.93239164754656 6.94705894459566 6.96163545762539 6.97625077449226 6.99110407841357 7.00646542802482 7.0226608710912 7.04003935822148 7.0589263593137 7.07957816199186 7.10215706987319 7.12674575358679 7.15340827269006 7.18229209173962 7.21375802226903 7.24852497492707 7.2878114253491 7.33341077095347 7.38747437804382 7.45135721212591 7.5222582675908 7.58720690899201 7.62098922821219 7.60244748542277 7.53847422426367 7.45691431699732 7.38035857915262 7.31757610829381
6.70596988209201 6.71034408390677 6.7168731466312 6.72554062090393 6.73619123134649 6.74855081661512 6.76226859349928 6.77697022811278 6.7923077075022 6.80799498226725 6.82382449133477 6.83966582763886 6.85545186641804 6.87115914898033 6.88678872326776 6.90235184617786 6.91786274644496 6.93333863258061 6.94880565521332 6.96430865317188 6.97992204362033 6.99575890067142 7.01197500544482 7.02876470346696 7.04634640514539 7.06493819526603 7.08472830811547 7.10584984191537 7.1283714386935 7.15231341456988 7.17769207433458 7.20458682742121 7.23321915167624 7.2640297504265 7.29773220882906 7.33528494636877 7.37761319239441 7.42468699285956 7.47339617055325 7.51460456895329 7.53340723639764 7.51834718874577 7.47286191837068 7.41235390163201 7.35143619611125 7.29778354049057
6.72871936176453 6.73349336774998 6.74004857407497 6.74836715268223 6.75833722772602 6.76976653247328 6.78240928876263 6.79599980317553 6.81028482046871 6.82504803065229 6.84012331932275 6.85539685590514 6.87080072847251 6.88630206259431 6.90189151180539 6.91757408912985 6.93336399210993 6.94928375152545 6.9653669569895 6.98166306757255 6.99824236359043 7.01519886601746 7.03264905629069 7.05072465007455 7.06955881362156 7.0892672668977 7.10992844819869 7.13156935527872 7.15416431509366 7.17765149854767 7.20196650162954 7.22708548686956 7.2530648081081 7.28006104497871 7.30831184768553 7.33804265565206 7.36921792247107 7.40097849365231 7.43063598101423 7.4526742049469 7.45954291267776 7.44587174575041 7.41304980070511 7.36845951715818 7.32047761268699 7.27499164990482
